circle 750 70 70 fec821 ffff00 
rectangle 240 225 160 25 000000 fcd5b5 
triangle 320 180 250 350 390 350 000000 00b0f0 
rectangle 295 350 15 50 000000 f81bd 
rectangle 335 350 15 50 000000 f81bd 
circle 320 165 35 000000 fcd5b5 
circle 310 150 5 000000 000000 
circle 330 150 5 000000 000000 
triangle 320 130 345 115 345 145 000000 ff0000 
triangle 320 130 295 115 295 145 000000 ff0000 
linesegment 400 225 380 140 000000 
circle 380 105 35 000000 00b0f0 
linesegment 320 165 320 170 00b0f0 
linesegment 320 180 310 175 ff0000 
linesegment 320 180 330 175 ff0000 